# Multiwfn Excited-State Analysis (ALL)
- **Generated:** 2025-08-13T15:37:32

## Summary by state
| state | delta_r_bohr | delta_r_angstrom | lambda_index | nto_sum | eig1 | eig2 | eig3 | eig4 | eig5 | eig6 | eig7 | eig8 | eig9 | eig10 | CT_percent | LE_percent |
| --- | --- | --- | --- | --- | --- | --- | --- | --- | --- | --- | --- | --- | --- | --- | --- | --- |
| 1.000000 | 7.858624 | 4.158605 | 0.525028 | 0.995620 | 0.977637 | 0.010214 | 0.001700 | 0.001359 | 0.001124 | 0.001013 | 0.000805 | 0.000679 | 0.000575 | 0.000515 | 66.446000 | 33.554000 |
| 2.000000 | 4.656037 | 2.463869 | 0.428558 | 0.999945 | 0.995183 | 0.004063 | 0.000348 | 0.000138 | 0.000084 | 0.000040 | 0.000035 | 0.000022 | 0.000017 | 0.000016 | 3.834000 | 96.166000 |
| 3.000000 | 7.878227 | 4.168978 | 0.319677 | 0.999282 | 0.910360 | 0.076899 | 0.009383 | 0.001130 | 0.000417 | 0.000282 | 0.000273 | 0.000239 | 0.000169 | 0.000129 | 75.802000 | 24.198000 |
| 4.000000 | 3.696407 | 1.956055 | 0.651180 | 0.996104 | 0.853036 | 0.115749 | 0.013034 | 0.004937 | 0.002935 | 0.002100 | 0.001559 | 0.001060 | 0.000895 | 0.000798 | 28.186000 | 71.814000 |
| 5.000000 | 3.834346 | 2.029049 | 0.581845 | 0.997822 | 0.887061 | 0.096403 | 0.007167 | 0.002193 | 0.001390 | 0.001174 | 0.000926 | 0.000596 | 0.000476 | 0.000436 | 16.148000 | 83.852000 |

## NTO eigenvalues (wide)
| state | nto_sum | eig1 | eig2 | eig3 | eig4 | eig5 | eig6 | eig7 | eig8 | eig9 | eig10 |
| --- | --- | --- | --- | --- | --- | --- | --- | --- | --- | --- | --- |
| 1.000000 | 0.995620 | 0.977637 | 0.010214 | 0.001700 | 0.001359 | 0.001124 | 0.001013 | 0.000805 | 0.000679 | 0.000575 | 0.000515 |
| 2.000000 | 0.999945 | 0.995183 | 0.004063 | 0.000348 | 0.000138 | 0.000084 | 0.000040 | 0.000035 | 0.000022 | 0.000017 | 0.000016 |
| 3.000000 | 0.999282 | 0.910360 | 0.076899 | 0.009383 | 0.001130 | 0.000417 | 0.000282 | 0.000273 | 0.000239 | 0.000169 | 0.000129 |
| 4.000000 | 0.996104 | 0.853036 | 0.115749 | 0.013034 | 0.004937 | 0.002935 | 0.002100 | 0.001559 | 0.001060 | 0.000895 | 0.000798 |
| 5.000000 | 0.997822 | 0.887061 | 0.096403 | 0.007167 | 0.002193 | 0.001390 | 0.001174 | 0.000926 | 0.000596 | 0.000476 | 0.000436 |

## Δr (Bohr & Å)
| state | delta_r_bohr | delta_r_angstrom |
| --- | --- | --- |
| 1.000000 | 7.858624 | 4.158605 |
| 2.000000 | 4.656037 | 2.463869 |
| 3.000000 | 7.878227 | 4.168978 |
| 4.000000 | 3.696407 | 1.956055 |
| 5.000000 | 3.834346 | 2.029049 |

## λ (lambda index)
| state | lambda_index |
| --- | --- |
| 1.000000 | 0.525028 |
| 2.000000 | 0.428558 |
| 3.000000 | 0.319677 |
| 4.000000 | 0.651180 |
| 5.000000 | 0.581845 |

## IFCT: Fragment contributions (hole/electron %)
| state | fragment | hole_pct | electron_pct |
| --- | --- | --- | --- |
| 1 | 1 | 15.260000 | 1.560000 |
| 1 | 2 | 53.390000 | 11.140000 |
| 1 | 3 | 31.350000 | 87.300000 |
| 2 | 1 | 0.020000 | 0.410000 |
| 2 | 2 | 0.330000 | 3.100000 |
| 2 | 3 | 99.650000 | 96.490000 |
| 3 | 1 | 1.540000 | 2.400000 |
| 3 | 2 | 93.100000 | 21.570000 |
| 3 | 3 | 5.360000 | 76.030000 |
| 4 | 1 | 6.240000 | 1.060000 |
| 4 | 2 | 16.310000 | 7.980000 |
| 4 | 3 | 77.450000 | 90.960000 |
| 5 | 1 | 3.380000 | 0.730000 |
| 5 | 2 | 7.800000 | 5.360000 |
| 5 | 3 | 88.820000 | 93.910000 |

## IFCT: Population variation (Δpopulation)
| state | fragment | delta_population |
| --- | --- | --- |
| 1 | 1 | -0.137060 |
| 1 | 2 | -0.422450 |
| 1 | 3 | 0.559500 |
| 2 | 1 | 0.003890 |
| 2 | 2 | 0.027650 |
| 2 | 3 | -0.031550 |
| 3 | 1 | 0.008590 |
| 3 | 2 | -0.715230 |
| 3 | 3 | 0.706640 |
| 4 | 1 | -0.051790 |
| 4 | 2 | -0.083330 |
| 4 | 3 | 0.135120 |
| 5 | 1 | -0.026460 |
| 5 | 2 | -0.024360 |
| 5 | 3 | 0.050820 |

## IFCT: Intrafragment electron redistribution
| state | fragment | redistribution |
| --- | --- | --- |
| 1 | 1 | 0.002380 |
| 1 | 2 | 0.059490 |
| 1 | 3 | 0.273670 |
| 2 | 1 | 0.000000 |
| 2 | 2 | 0.000100 |
| 2 | 3 | 0.961560 |
| 3 | 1 | 0.000370 |
| 3 | 2 | 0.200840 |
| 3 | 3 | 0.040770 |
| 4 | 1 | 0.000660 |
| 4 | 2 | 0.013010 |
| 4 | 3 | 0.704460 |
| 5 | 1 | 0.000250 |
| 5 | 2 | 0.004180 |
| 5 | 3 | 0.834100 |

## IFCT: Transferred electrons between fragments
| state | donor | acceptor | forward | backward | net |
| --- | --- | --- | --- | --- | --- |
| 1 | 1 | 2 | 0.017010 | 0.008320 | 0.008690 |
| 1 | 1 | 3 | 0.133250 | 0.004880 | 0.128360 |
| 1 | 2 | 3 | 0.466070 | 0.034930 | 0.431140 |
| 2 | 1 | 2 | 0.000010 | 0.000010 | -0.000010 |
| 2 | 1 | 3 | 0.000200 | 0.004080 | -0.003890 |
| 2 | 2 | 3 | 0.003190 | 0.030850 | -0.027660 |
| 3 | 1 | 2 | 0.003320 | 0.022350 | -0.019020 |
| 3 | 1 | 3 | 0.011710 | 0.001290 | 0.010430 |
| 3 | 2 | 3 | 0.707780 | 0.011570 | 0.696210 |
| 4 | 1 | 2 | 0.004980 | 0.001730 | 0.003240 |
| 4 | 1 | 3 | 0.056780 | 0.008240 | 0.048550 |
| 4 | 2 | 3 | 0.148350 | 0.061780 | 0.086570 |
| 5 | 1 | 2 | 0.001810 | 0.000570 | 0.001240 |
| 5 | 1 | 3 | 0.031730 | 0.006510 | 0.025220 |
| 5 | 2 | 3 | 0.073220 | 0.047620 | 0.025600 |

## IFCT: Summary (CT% / LE%)
| state | CT_percent | LE_percent |
| --- | --- | --- |
| 1 | 66.446000 | 33.554000 |
| 2 | 3.834000 | 96.166000 |
| 3 | 75.802000 | 24.198000 |
| 4 | 28.186000 | 71.814000 |
| 5 | 16.148000 | 83.852000 |

## CTS: Per-state summary (wide)
| state | Frag 1 Hole (%) | Frag 1 Electron (%) | Frag 2 Hole (%) | Frag 2 Electron (%) | Frag 3 Hole (%) | Frag 3 Electron (%) |
| --- | --- | --- | --- | --- | --- | --- |
| 1 | 15.270000 | 1.560000 | 53.370000 | 11.140000 | 31.370000 | 87.300000 |
| 2 | 0.020000 | 0.410000 | 0.330000 | 3.090000 | 99.650000 | 96.500000 |
| 3 | 1.540000 | 2.400000 | 93.100000 | 21.560000 | 5.360000 | 76.030000 |
| 4 | 6.240000 | 1.060000 | 16.300000 | 7.970000 | 77.450000 | 90.960000 |
| 5 | 3.380000 | 0.730000 | 7.790000 | 5.360000 | 88.830000 | 93.910000 |
| 6 | 13.070000 | 0.280000 | 41.650000 | 2.470000 | 45.280000 | 97.250000 |
| 7 | 3.860000 | 1.220000 | 14.430000 | 16.300000 | 81.710000 | 82.480000 |
| 8 | 16.760000 | 1.420000 | 55.800000 | 70.160000 | 27.440000 | 28.430000 |
| 9 | 1.430000 | 0.580000 | 8.820000 | 8.880000 | 89.750000 | 90.530000 |
| 10 | 17.920000 | 5.400000 | 51.060000 | 47.770000 | 31.020000 | 46.830000 |

## CTS: Fragment contributions per state (long)
| state | fragment | hole_pct | electron_pct |
| --- | --- | --- | --- |
| 1 | 1 | 15.270000 | 1.560000 |
| 1 | 2 | 53.370000 | 11.140000 |
| 1 | 3 | 31.370000 | 87.300000 |
| 2 | 1 | 0.020000 | 0.410000 |
| 2 | 2 | 0.330000 | 3.090000 |
| 2 | 3 | 99.650000 | 96.500000 |
| 3 | 1 | 1.540000 | 2.400000 |
| 3 | 2 | 93.100000 | 21.560000 |
| 3 | 3 | 5.360000 | 76.030000 |
| 4 | 1 | 6.240000 | 1.060000 |
| 4 | 2 | 16.300000 | 7.970000 |
| 4 | 3 | 77.450000 | 90.960000 |
| 5 | 1 | 3.380000 | 0.730000 |
| 5 | 2 | 7.790000 | 5.360000 |
| 5 | 3 | 88.830000 | 93.910000 |
| 6 | 1 | 13.070000 | 0.280000 |
| 6 | 2 | 41.650000 | 2.470000 |
| 6 | 3 | 45.280000 | 97.250000 |
| 7 | 1 | 3.860000 | 1.220000 |
| 7 | 2 | 14.430000 | 16.300000 |
| 7 | 3 | 81.710000 | 82.480000 |
| 8 | 1 | 16.760000 | 1.420000 |
| 8 | 2 | 55.800000 | 70.160000 |
| 8 | 3 | 27.440000 | 28.430000 |
| 9 | 1 | 1.430000 | 0.580000 |
| 9 | 2 | 8.820000 | 8.880000 |
| 9 | 3 | 89.750000 | 90.530000 |
| 10 | 1 | 17.920000 | 5.400000 |
| 10 | 2 | 51.060000 | 47.770000 |
| 10 | 3 | 31.020000 | 46.830000 |

## MO: Contributions per MO (long)
| state | mo | occ | hole_pct | electron_pct |
| --- | --- | --- | --- | --- |
| 1 | 59 | 2.000000 | 0.566000 | 0.000000 |
| 1 | 63 | 2.000000 | 0.207000 | 0.000000 |
| 1 | 64 | 2.000000 | 2.529000 | 0.000000 |
| 1 | 66 | 2.000000 | 95.268000 | 0.000000 |
| 1 | 67 | 0.000000 | 0.000000 | 96.768000 |
| 1 | 68 | 0.000000 | 0.000000 | 1.078000 |
| 1 | 69 | 0.000000 | 0.000000 | 0.905000 |
| 2 | 57 | 2.000000 | 0.618000 | 0.000000 |
| 2 | 58 | 2.000000 | 2.830000 | 0.000000 |
| 2 | 60 | 2.000000 | 1.443000 | 0.000000 |
| 2 | 62 | 2.000000 | 93.931000 | 0.000000 |
| 2 | 63 | 2.000000 | 0.488000 | 0.000000 |
| 2 | 67 | 0.000000 | 0.000000 | 63.228000 |
| 2 | 68 | 0.000000 | 0.000000 | 31.983000 |
| 2 | 69 | 0.000000 | 0.000000 | 2.330000 |
| 2 | 70 | 0.000000 | 0.000000 | 0.468000 |
| 2 | 71 | 0.000000 | 0.000000 | 0.764000 |
| 2 | 72 | 0.000000 | 0.000000 | 1.067000 |
| 3 | 59 | 2.000000 | 0.284000 | 0.000000 |
| 3 | 60 | 2.000000 | 1.468000 | 0.000000 |
| 3 | 65 | 2.000000 | 89.943000 | 0.000000 |
| 3 | 66 | 2.000000 | 7.353000 | 0.000000 |
| 3 | 67 | 0.000000 | 0.000000 | 87.019000 |
| 3 | 68 | 0.000000 | 0.000000 | 2.122000 |
| 3 | 69 | 0.000000 | 0.000000 | 3.412000 |
| 3 | 70 | 0.000000 | 0.000000 | 6.790000 |
| 3 | 71 | 0.000000 | 0.000000 | 0.325000 |
| 4 | 55 | 2.000000 | 0.449000 | 0.000000 |
| 4 | 56 | 2.000000 | 1.242000 | 0.000000 |
| 4 | 57 | 2.000000 | 0.705000 | 0.000000 |
| 4 | 58 | 2.000000 | 0.243000 | 0.000000 |
| 4 | 59 | 2.000000 | 1.824000 | 0.000000 |
| 4 | 60 | 2.000000 | 28.063000 | 0.000000 |
| 4 | 61 | 2.000000 | 1.156000 | 0.000000 |
| 4 | 62 | 2.000000 | 0.618000 | 0.000000 |
| 4 | 63 | 2.000000 | 0.708000 | 0.000000 |
| 4 | 64 | 2.000000 | 57.352000 | 0.000000 |
| 4 | 65 | 2.000000 | 1.081000 | 0.000000 |
| 4 | 66 | 2.000000 | 5.532000 | 0.000000 |
| 4 | 67 | 0.000000 | 0.000000 | 81.802000 |
| 4 | 68 | 0.000000 | 0.000000 | 13.718000 |
| 4 | 69 | 0.000000 | 0.000000 | 1.309000 |
| 4 | 70 | 0.000000 | 0.000000 | 0.431000 |
| 4 | 71 | 0.000000 | 0.000000 | 1.010000 |
| 4 | 72 | 0.000000 | 0.000000 | 0.542000 |
| 5 | 55 | 2.000000 | 1.436000 | 0.000000 |
| 5 | 56 | 2.000000 | 1.372000 | 0.000000 |
| 5 | 57 | 2.000000 | 1.303000 | 0.000000 |
| 5 | 59 | 2.000000 | 12.362000 | 0.000000 |
| 5 | 60 | 2.000000 | 49.706000 | 0.000000 |
| 5 | 61 | 2.000000 | 0.265000 | 0.000000 |
| 5 | 62 | 2.000000 | 0.440000 | 0.000000 |
| 5 | 63 | 2.000000 | 0.461000 | 0.000000 |
| 5 | 64 | 2.000000 | 27.356000 | 0.000000 |
| 5 | 65 | 2.000000 | 0.722000 | 0.000000 |
| 5 | 66 | 2.000000 | 3.614000 | 0.000000 |
| 5 | 67 | 0.000000 | 0.000000 | 72.680000 |
| 5 | 68 | 0.000000 | 0.000000 | 22.979000 |
| 5 | 69 | 0.000000 | 0.000000 | 1.710000 |
| 5 | 70 | 0.000000 | 0.000000 | 0.479000 |
| 5 | 71 | 0.000000 | 0.000000 | 0.741000 |
| 5 | 72 | 0.000000 | 0.000000 | 0.735000 |

## MO: Sum of hole/electron per state
| state | sum_hole_pct | sum_electron_pct |
| --- | --- | --- |
| 1 | 99.999000 | 99.999000 |
| 2 | 99.997000 | 99.997000 |
| 3 | 99.997000 | 99.997000 |
| 4 | 99.998000 | 99.998000 |
| 5 | 99.998000 | 99.998000 |

