# Multiwfn Excited-State Analysis (IFCT)
- **Generated:** 2025-08-13T15:23:30

## Summary by state
| state | CT_percent | LE_percent |
| --- | --- | --- |
| 1.000000 | 66.446000 | 33.554000 |
| 2.000000 | 3.834000 | 96.166000 |
| 3.000000 | 75.802000 | 24.198000 |
| 4.000000 | 28.186000 | 71.814000 |
| 5.000000 | 16.148000 | 83.852000 |

## IFCT: Fragment contributions (hole/electron %)
| state | fragment | hole_pct | electron_pct |
| --- | --- | --- | --- |
| 1 | 1 | 15.260000 | 1.560000 |
| 1 | 2 | 53.390000 | 11.140000 |
| 1 | 3 | 31.350000 | 87.300000 |
| 2 | 1 | 0.020000 | 0.410000 |
| 2 | 2 | 0.330000 | 3.100000 |
| 2 | 3 | 99.650000 | 96.490000 |
| 3 | 1 | 1.540000 | 2.400000 |
| 3 | 2 | 93.100000 | 21.570000 |
| 3 | 3 | 5.360000 | 76.030000 |
| 4 | 1 | 6.240000 | 1.060000 |
| 4 | 2 | 16.310000 | 7.980000 |
| 4 | 3 | 77.450000 | 90.960000 |
| 5 | 1 | 3.380000 | 0.730000 |
| 5 | 2 | 7.800000 | 5.360000 |
| 5 | 3 | 88.820000 | 93.910000 |

## IFCT: Population variation (Δpopulation)
| state | fragment | delta_population |
| --- | --- | --- |
| 1 | 1 | -0.137060 |
| 1 | 2 | -0.422450 |
| 1 | 3 | 0.559500 |
| 2 | 1 | 0.003890 |
| 2 | 2 | 0.027650 |
| 2 | 3 | -0.031550 |
| 3 | 1 | 0.008590 |
| 3 | 2 | -0.715230 |
| 3 | 3 | 0.706640 |
| 4 | 1 | -0.051790 |
| 4 | 2 | -0.083330 |
| 4 | 3 | 0.135120 |
| 5 | 1 | -0.026460 |
| 5 | 2 | -0.024360 |
| 5 | 3 | 0.050820 |

## IFCT: Intrafragment electron redistribution
| state | fragment | redistribution |
| --- | --- | --- |
| 1 | 1 | 0.002380 |
| 1 | 2 | 0.059490 |
| 1 | 3 | 0.273670 |
| 2 | 1 | 0.000000 |
| 2 | 2 | 0.000100 |
| 2 | 3 | 0.961560 |
| 3 | 1 | 0.000370 |
| 3 | 2 | 0.200840 |
| 3 | 3 | 0.040770 |
| 4 | 1 | 0.000660 |
| 4 | 2 | 0.013010 |
| 4 | 3 | 0.704460 |
| 5 | 1 | 0.000250 |
| 5 | 2 | 0.004180 |
| 5 | 3 | 0.834100 |

## IFCT: Transferred electrons between fragments
| state | donor | acceptor | forward | backward | net |
| --- | --- | --- | --- | --- | --- |
| 1 | 1 | 2 | 0.017010 | 0.008320 | 0.008690 |
| 1 | 1 | 3 | 0.133250 | 0.004880 | 0.128360 |
| 1 | 2 | 3 | 0.466070 | 0.034930 | 0.431140 |
| 2 | 1 | 2 | 0.000010 | 0.000010 | -0.000010 |
| 2 | 1 | 3 | 0.000200 | 0.004080 | -0.003890 |
| 2 | 2 | 3 | 0.003190 | 0.030850 | -0.027660 |
| 3 | 1 | 2 | 0.003320 | 0.022350 | -0.019020 |
| 3 | 1 | 3 | 0.011710 | 0.001290 | 0.010430 |
| 3 | 2 | 3 | 0.707780 | 0.011570 | 0.696210 |
| 4 | 1 | 2 | 0.004980 | 0.001730 | 0.003240 |
| 4 | 1 | 3 | 0.056780 | 0.008240 | 0.048550 |
| 4 | 2 | 3 | 0.148350 | 0.061780 | 0.086570 |
| 5 | 1 | 2 | 0.001810 | 0.000570 | 0.001240 |
| 5 | 1 | 3 | 0.031730 | 0.006510 | 0.025220 |
| 5 | 2 | 3 | 0.073220 | 0.047620 | 0.025600 |

## IFCT: Summary (CT% / LE%)
| state | CT_percent | LE_percent |
| --- | --- | --- |
| 1 | 66.446000 | 33.554000 |
| 2 | 3.834000 | 96.166000 |
| 3 | 75.802000 | 24.198000 |
| 4 | 28.186000 | 71.814000 |
| 5 | 16.148000 | 83.852000 |

